DSC: 0.671212  Params:  0.0833333 0.5 5 0.05 0.0125 1.75 0.2 1.25 0.05 0.265 0.2 0.2 0.2 0.2 8.35 0.1
DSC: 0.671193  Params:  0.0958333 0.5 5 0.05 0.0125 1.75 0.2 1.25 0.05 0.265 0.2 0.2 0.2 0.2 8.35 0.1
DSC: 0.646704  Params:  0.0833333 0.75 5 0.05 0.0125 1.75 0.2 1.25 0.05 0.265 0.2 0.2 0.2 0.2 8.35 0.1
DSC: 0.656968  Params:  0.0833333 0.5 8 0.05 0.0125 1.75 0.2 1.25 0.05 0.265 0.2 0.2 0.2 0.2 8.35 0.1
DSC: 0.592532  Params:  0.0833333 0.5 5 0.08 0.0125 1.75 0.2 1.25 0.05 0.265 0.2 0.2 0.2 0.2 8.35 0.1
DSC: 0.637368  Params:  0.0833333 0.5 5 0.05 0.018125 1.75 0.2 1.25 0.05 0.265 0.2 0.2 0.2 0.2 8.35 0.1
DSC: 0.662777  Params:  0.0833333 0.5 5 0.05 0.0125 2.375 0.2 1.25 0.05 0.265 0.2 0.2 0.2 0.2 8.35 0.1
DSC: 0.672106  Params:  0.0833333 0.5 5 0.05 0.0125 1.75 0.275 1.25 0.05 0.265 0.2 0.2 0.2 0.2 8.35 0.1
DSC: 0.670081  Params:  0.0833333 0.5 5 0.05 0.0125 1.75 0.275 1.8125 0.05 0.265 0.2 0.2 0.2 0.2 8.35 0.1
DSC: 0.647498  Params:  0.0833333 0.5 5 0.05 0.0125 1.75 0.275 1.25 0.08 0.265 0.2 0.2 0.2 0.2 8.35 0.1
DSC: 0.649418  Params:  0.0833333 0.5 5 0.05 0.0125 1.75 0.275 1.25 0.05 0.3825 0.2 0.2 0.2 0.2 8.35 0.1
DSC: 0.672273  Params:  0.0833333 0.5 5 0.05 0.0125 1.75 0.275 1.25 0.05 0.265 0.3125 0.2 0.2 0.2 8.35 0.1
DSC: 0.632047  Params:  0.0833333 0.5 5 0.05 0.0125 1.75 0.275 1.25 0.05 0.265 0.3125 0.3125 0.2 0.2 8.35 0.1
DSC: 0.614637  Params:  0.0833333 0.5 5 0.05 0.0125 1.75 0.275 1.25 0.05 0.265 0.3125 0.2 0.3125 0.2 8.35 0.1
DSC: 0.627426  Params:  0.0833333 0.5 5 0.05 0.0125 1.75 0.275 1.25 0.05 0.265 0.3125 0.2 0.2 0.3125 8.35 0.1
DSC: 0.649384  Params:  0.0833333 0.5 5 0.05 0.0125 1.75 0.275 1.25 0.05 0.265 0.3125 0.2 0.2 0.2 9.5875 0.1
DSC: 0.66844  Params:  0.0833333 0.5 5 0.05 0.0125 1.75 0.275 1.25 0.05 0.265 0.3125 0.2 0.2 0.2 8.35 0.175
DSC: 0.782926  Params:  0.0833316 0.452765 4.67057 0.0318031 0.0110324 1.70936 0.275517 1.24122 0.0443089 0.244449 0.312645 0.165112 0.150013 0.161104 8.13163 0.0977836
DSC: 0.775931  Params:  0.0833295 0.398753 4.29388 0.0193057 0.00935419 1.66288 0.276108 1.23118 0.0378012 0.220948 0.312811 0.125218 0.0928537 0.116629 7.88194 0.0952492
DSC: 0.785615  Params:  0.0833316 0.452765 4.67057 0.0346041 0.010408 1.70936 0.275517 1.24122 0.0443089 0.244449 0.312645 0.165112 0.150013 0.161104 8.13163 0.0977836
DSC: 0.770414  Params:  0.0833296 0.401068 4.31002 0.0250508 0.00775177 1.66488 0.276083 1.23161 0.0380801 0.221955 0.312804 0.126928 0.0953029 0.118534 7.89263 0.0953578
DSC: 0.791097  Params:  0.0833316 0.452765 4.67057 0.0337 0.010409 1.70936 0.275517 1.24122 0.0443089 0.244449 0.307035 0.170443 0.152022 0.16436 8.25093 0.10139
DSC: 0.797995  Params:  0.0833312 0.443529 4.60616 0.0144218 0.0146303 1.70141 0.275618 1.23951 0.0431961 0.24043 0.307545 0.163139 0.141765 0.156272 8.20293 0.100635
DSC: 0.792744  Params:  0.0833312 0.484503 4.04405 0.0144218 0.0146303 1.70141 0.275618 1.23951 0.0431961 0.24043 0.307545 0.163139 0.141765 0.156272 8.20293 0.100635
DSC: 0.796562  Params:  0.0833311 0.624387 6.543 0.01 0.0135869 1.699 0.275649 1.23899 0.0428586 0.239211 0.308565 0.160059 0.13779 0.152955 8.17885 0.0998297
DSC: 0.799293  Params:  0.0781985 0.443529 4.60616 0.0144218 0.0146303 1.70184 0.275618 1.23951 0.0431961 0.24043 0.307545 0.163139 0.141765 0.156272 8.20293 0.100635
DSC: 0.793404  Params:  0.0782143 0.439361 4.57359 0.0120553 0.0143265 2.32376 0.275627 1.23935 0.0430978 0.240075 0.307842 0.162242 0.140608 0.155306 8.19592 0.100401
DSC: 0.7956  Params:  0.0781985 0.443529 4.60616 0.0144218 0.0146303 1.70184 0.275618 1.23951 0.0504895 0.199327 0.307545 0.163139 0.141765 0.156272 8.20293 0.100635
DSC: 0.788502  Params:  0.0781776 0.427561 4.48141 0.01 0.0134666 1.67898 0.275652 1.23893 0.0668009 0.305315 0.308683 0.159704 0.137331 0.152572 8.17608 0.0997367
DSC: 0.795349  Params:  0.078198 0.434429 4.50789 0.0108456 0.0136499 1.68628 0.275618 1.23951 0.0416351 0.239011 0.303284 0.16652 0.165223 0.160852 8.23585 0.100675
DSC: 0.784558  Params:  0.0781064 0.443515 4.80235 0.0184503 0.0159852 1.70501 0.275774 1.23685 0.0435052 0.244167 0.342756 0.117405 0.197303 0.109325 7.74995 0.0765197
DSC: 0.791743  Params:  0.0781986 0.443699 4.60913 0.0145813 0.0145666 1.70216 0.275618 1.23951 0.0432009 0.240477 0.311204 0.14797 0.141598 0.17228 8.16222 0.100019
DSC: 0.782613  Params:  0.0777515 0.383995 4.92751 0.0188437 0.0167055 1.62366 0.276372 1.22669 0.0359936 0.234782 0.271207 0.148761 0.0935146 0.0938414 8.28622 0.121767
DSC: 0.797637  Params:  0.0781986 0.443624 4.60703 0.0148359 0.0145563 1.70187 0.275618 1.23951 0.0432044 0.240461 0.313701 0.176565 0.141851 0.133703 8.10699 0.100331
DSC: 0.784917  Params:  0.0778101 0.393062 4.89893 0.0188437 0.0158163 1.63762 0.276274 1.22837 0.0370922 0.235947 0.3381 0.186429 0.0913872 0.203081 7.59177 0.0775761
DSC: 0.790077  Params:  0.0781988 0.448927 4.63942 0.0148808 0.0147739 1.70463 0.275618 1.23951 0.0436833 0.242162 0.312232 0.164165 0.134679 0.153475 8.41196 0.0966397
DSC: 0.77082  Params:  0.0775904 0.326756 4.66395 0.0188437 0.0133968 1.54293 0.276641 1.22212 0.0280952 0.218257 0.283581 0.177464 0.193146 0.168641 7.93303 0.112414
DSC: 0.791293  Params:  0.0786278 0.431472 4.62163 0.0147244 0.0147079 1.70194 0.275618 1.23951 0.0433724 0.240574 0.317004 0.169817 0.141961 0.154791 8.38325 0.0898627
DSC: 0.795547  Params:  0.0709724 0.582488 3.16648 0.0188437 0.0142021 1.6365 0.276194 1.22972 0.0367133 0.233443 0.307237 0.150466 0.125537 0.154622 8.13552 0.0984781
DSC: 0.793222  Params:  0.0781213 0.442585 4.59657 0.0119804 0.014629 1.69787 0.25531 1.40334 0.0427837 0.239023 0.316902 0.159795 0.13986 0.156863 8.08591 0.108895
DSC: 0.791815  Params:  0.0769055 0.422985 4.59244 0.0188437 0.0144746 1.64319 0.27682 1.22515 0.037361 0.234967 0.352006 0.173157 0.133986 0.147083 9.1173 0.0680466
DSC: 0.792143  Params:  0.0779398 0.448201 4.56574 0.0137076 0.0150645 1.70193 0.275414 1.24072 0.0438887 0.241289 0.308291 0.168282 0.1483 0.146876 8.17675 0.0998561
DSC: 0.790307  Params:  0.0773445 0.447065 4.70216 0.0188437 0.0169612 1.6767 0.28271 1.18323 0.0418287 0.242712 0.291311 0.0950505 0.148981 0.21911 8.53753 0.10336
DSC: 0.730151  Params:  0.0760134 0.496818 4.49349 0.0188437 0.0184435 1.68692 0.280306 1.20146 0.0437874 0.247681 0.298913 0.226453 0.176211 0.159941 8.33057 0.100757
DSC: 0.783997  Params:  0.0779381 0.438433 4.52741 0.0188437 0.0146213 1.68556 0.328391 1.47587 0.041715 0.237717 0.333471 0.157842 0.138549 0.155622 8.20369 0.114736
DSC: 0.802425  Params:  0.0781372 0.443556 4.59849 0.0104239 0.0146607 1.70098 0.27564 1.22555 0.0429598 0.239727 0.332611 0.162892 0.140207 0.156014 8.20894 0.101636
DSC: 0.78888  Params:  0.0774385 0.378314 4.46328 0.0108478 0.0116142 1.60961 0.287039 1.15112 0.0329106 0.223201 0.297105 0.135638 0.149261 0.162993 8.14383 0.0835794
DSC: 0.789708  Params:  0.0781177 0.443424 4.58893 0.0135268 0.0149279 1.70042 0.278686 1.26146 0.0429436 0.239074 0.32688 0.159054 0.132474 0.155715 8.21163 0.0995508
DSC: 0.78562  Params:  0.0784854 0.433078 4.82842 0.0264297 0.0130911 1.71388 0.262506 1.05944 0.0431046 0.241978 0.366041 0.164075 0.15091 0.16457 8.18977 0.134927
DSC: 0.793758  Params:  0.0783058 0.466842 4.6617 0.0100682 0.0142382 1.70171 0.276238 1.24626 0.0430294 0.239849 0.334383 0.165213 0.145661 0.157529 8.20542 0.100891
DSC: 0.789686  Params:  0.0787009 0.472816 5.61875 0.0108478 0.0151114 1.67924 0.275949 1.12397 0.040681 0.238447 0.322029 0.132396 0.0772918 0.106896 8.27327 0.113249
DSC: 0.795649  Params:  0.0780905 0.455824 4.7776 0.0105498 0.0148169 1.70065 0.275677 1.21335 0.0430101 0.243463 0.332337 0.148454 0.144736 0.158676 8.33237 0.102881
DSC: 0.787538  Params:  0.078607 0.375441 2.73279 0.0108478 0.0150447 1.73288 0.271178 1.2096 0.0462641 0.213905 0.377925 0.139377 0.117744 0.148493 8.21065 0.107053
DSC: 0.797556  Params:  0.0773206 0.406095 4.59033 0.0116355 0.0156996 1.68798 0.276182 1.19615 0.041609 0.24569 0.313718 0.167083 0.141867 0.155298 8.21406 0.107379
DSC: 0.777181  Params:  0.0768458 0.509436 4.68998 0.0108478 0.0141791 1.67486 0.278324 1.14482 0.0407907 0.222954 0.350963 0.243007 0.16482 0.127944 8.10166 0.10393
DSC: 0.788393  Params:  0.0776959 0.424121 4.51921 0.0112299 0.0138839 1.68296 0.276186 1.22636 0.0452283 0.251684 0.328525 0.168067 0.136353 0.15534 8.17541 0.100696
DSC: 0.795281  Params:  0.0776946 0.52679 5.18226 0.0108478 0.0160378 1.70046 0.275945 1.15466 0.0418004 0.226689 0.345668 0.125392 0.162478 0.220917 8.47616 0.10795
DSC: 0.793166  Params:  0.079581 0.40968 4.7936 0.0134318 0.0147625 1.70786 0.275498 1.22726 0.042293 0.236978 0.340527 0.166154 0.147727 0.155532 8.23911 0.104313
DSC: 0.785796  Params:  0.0770657 0.430827 4.74791 0.0108478 0.0136431 1.6555 0.278277 1.18515 0.0618574 0.30215 0.328876 0.160327 0.13373 0.171958 8.29234 0.089903
DSC: 0.790411  Params:  0.0774734 0.45541 4.4874 0.0126795 0.014548 1.77262 0.27597 1.21266 0.0425777 0.241875 0.330566 0.162419 0.135 0.156517 8.19453 0.0986908
DSC: 0.798596  Params:  0.0835437 0.334008 5.78654 0.0108478 0.0146165 1.97232 0.276961 1.26317 0.0439934 0.228596 0.349218 0.170783 0.152772 0.161778 8.32325 0.100628
DSC: 0.787688  Params:  0.0783307 0.41908 4.80133 0.0110139 0.014739 1.63288 0.274198 1.25505 0.0433023 0.239575 0.341041 0.163632 0.141316 0.155729 8.212 0.103564
DSC: 0.795271  Params:  0.0744634 0.479975 4.41878 0.0102032 0.0140022 2.02113 0.24655 1.46626 0.0384724 0.252169 0.314432 0.157012 0.132958 0.159864 8.22909 0.104228
DSC: 0.791005  Params:  0.0797907 0.407759 5.11283 0.0108478 0.0145256 1.34564 0.248022 1.49017 0.0424834 0.235508 0.341252 0.160415 0.148871 0.156909 8.26422 0.113703
Maximum:
DSC: 0.802425  Params:  0.0781372 0.443556 4.59849 0.0104239 0.0146607 1.70098 0.27564 1.22555 0.0429598 0.239727 0.332611 0.162892 0.140207 0.156014 8.20894 0.101636
